50
3
1 2 3
2 3 5
3 5 6
2 3 4
1 2 3
7
8 10 11 12 15 17 18
13 16 17 18 21 22 24
4 6 7 9 11 13 14
11 14 16 18 21 23 24
6 7 9 11 13 16 17
8 11 13 15 17 19 21
9 12 13 14 17 19 21
11 14 16 17 19 20 23
9 13 15 17 19 20 22
6 7 9 11 13 15 16
7 9 11 12 14 17 18
2 4 6 8 9 11 13
4 6 7 10 12 14 16
7
2 3 6 8 11 12 13
15 18 20 21 22 29 30
9 12 15 17 20 24 25
2 4 5 6 9 12 15
13 15 18 22 25 28 30
12 15 16 19 21 26 28
5 8 9 11 16 17 18
6 9 11 14 19 21 22
6 7 9 11 15 16 20
8 10 11 14 17 19 21
3 5 8 9 12 15 18
11 13 16 19 20 21 22
4 5 7 10 13 14 15
9
14 23 27 32 33 36 41 45 48
11 21 24 32 34 43 48 52 53
24 37 45 48 54 63 67 71 76
17 27 28 36 40 50 52 58 64
6 13 18 23 28 32 33 34 36
8 13 17 21 23 27 32 34 37
26 33 43 48 51 52 60 65 67
22 34 42 45 50 60 65 68 72
3 6 10 11 13 17 21 22 24
21 32 37 41 46 55 60 63 68
19 28 33 34 35 40 46 50 54
32 36 49 53 60 64 68 72 76
3 8 12 14 19 21 26 27 32
21 32 38 43 48 50 55 60 63
27 34 45 52 57 58 63 68 71
13 23 26 33 35 48 51 57 60
12 18 22 24 26 28 37 42 45
4
4 7 9 11
10 12 13 16
6 7 10 12
9 11 13 16
3 6 7 9
7 10 11 13
7 9 11 13
9
5 7 8 9 10 12 13 16 18
6 9 10 12 13 15 17 19 20
9 11 12 15 17 21 22 24 25
12 14 16 18 20 22 24 26 27
13 14 16 19 21 25 26 28 29
10 12 15 17 19 21 23 25 26
2 3 4 5 7 9 11 13 14
8 11 13 15 16 17 18 21 22
2 4 5 6 8 10 12 13 15
14 16 18 20 22 26 27 30 32
4 7 8 10 13 15 16 17 19
7 9 10 13 16 19 20 21 22
4 5 7 8 9 11 12 14 16
13 15 17 19 21 24 26 28 30
15 16 19 21 22 25 28 29 32
5 8 9 12 15 17 18 19 21
11 12 13 17 18 23 24 26 28
5
1 3 4 5 7
5 14 18 20 25
1 5 7 11 12
4 10 15 18 22
11 15 18 20 24
5 6 10 14 15
7 15 22 24 29
7 11 15 18 22
12 16 22 25 29
9
15 17 18 22 25 28 31 34 35
1 4 6 9 10 13 15 17 18
11 13 16 21 23 26 28 30 33
17 18 20 26 28 31 34 37 38
9 11 14 17 19 21 24 26 29
10 13 15 19 21 23 26 28 32
1 3 5 6 9 11 14 17 18
13 14 16 20 22 26 29 31 33
4 6 7 9 10 13 16 18 21
18 21 24 29 32 33 35 39 41
3 6 9 11 13 14 17 18 21
6 9 11 14 15 16 18 20 24
18 21 23 27 28 33 36 38 41
9 10 15 19 21 22 25 27 28
17 18 20 25 27 30 32 37 39
6 9 14 17 19 20 22 25 27
14 16 18 24 26 29 31 32 36
4
8 9 11 13
1 2 3 7
1 2 3 8
7 10 12 13
2 4 5 9
3 5 6 12
3 5 6 11
4
34 50 80 98
26 45 61 82
16 35 36 57
57 67 82 98
35 36 45 50
18 36 48 67
36 48 61 80
10
10 14 19 23 26 30 34 35 36 39
24 27 32 42 44 49 52 54 57 59
12 16 23 26 30 33 35 39 42 46
8 10 14 16 17 18 22 23 27 30
4 8 11 12 15 17 18 20 21 22
17 18 26 33 37 40 42 46 47 51
15 17 25 30 32 35 39 40 46 47
11 15 19 22 25 26 27 28 32 35
18 21 34 35 39 42 44 47 52 53
13 16 22 26 28 34 35 38 42 46
15 18 26 28 32 37 40 43 44 49
4 6 10 13 15 17 19 22 24 25
22 29 39 46 47 51 55 57 59 64
6 10 15 16 18 20 21 25 26 29
25 30 35 46 49 50 53 57 60 64
21 26 36 42 46 47 52 56 57 60
22 23 28 39 43 45 47 51 56 57
19 22 27 35 40 42 44 49 52 55
17 20 30 34 35 40 42 45 49 50
8
11 14 16 21 23 24 29 30
15 16 25 30 32 33 37 40
8 11 16 21 25 30 33 38
19 20 33 40 42 46 50 53
2 6 11 12 15 17 19 21
12 15 21 25 26 29 31 35
13 17 23 26 32 40 42 45
2 6 8 11 13 17 22 23
21 23 38 41 45 47 53 54
11 15 21 25 30 35 40 41
6 7 14 15 16 19 20 23
22 27 29 31 37 46 50 53
17 18 24 29 33 41 46 47
6 7 11 15 17 18 27 29
17 19 30 35 40 41 46 49
3
2 3 5
2 3 4
3 4 7
4 5 7
1 2 3
3
1 2 3
1 2 3
3 4 5
3 4 5
2 3 4
10
2 5 7 8 11 12 14 16 17 20
5 9 11 13 14 15 17 19 21 23
16 17 18 21 22 24 25 27 31 34
18 20 21 23 25 27 29 31 33 36
7 10 13 14 15 16 19 20 22 25
11 13 16 18 20 21 22 24 25 29
16 19 21 22 26 27 30 32 34 36
10 12 14 15 16 19 21 24 26 27
1 3 5 7 9 10 12 14 16 18
9 11 12 14 15 17 20 22 24 26
12 14 16 17 19 20 22 25 28 30
3 5 7 9 10 11 13 14 17 19
14 16 17 19 20 22 24 26 29 32
5 7 8 11 13 15 16 17 19 21
15 17 19 21 24 26 28 29 31 33
1 2 3 5 7 9 11 13 15 16
7 8 9 13 14 16 18 19 21 22
3 7 8 9 12 14 16 17 18 21
9 11 15 16 17 19 20 22 24 27
4
8 10 14 16
1 5 8 12
2 6 10 14
12 14 18 21
3 9 14 18
5 6 9 12
1 2 3 6
3
3 4 5
3 4 5
2 3 4
2 3 4
1 2 3
2
2 4
4 8
2 6
9
1 3 5 8 11 12 14 15 16
14 17 19 20 25 26 27 32 35
15 18 21 22 26 28 31 34 37
11 13 16 18 20 23 24 28 29
10 14 20 22 24 26 27 31 33
4 5 7 12 16 18 19 21 24
3 4 5 10 12 13 14 16 17
13 16 23 25 28 29 32 34 36
7 10 13 14 18 19 20 22 26
5 6 7 13 16 17 20 23 25
3 4 6 11 13 14 17 18 21
15 17 25 27 29 32 35 37 40
9 13 17 20 23 25 26 28 30
16 21 24 26 29 30 33 36 40
1 3 4 7 8 9 10 13 15
12 14 18 19 23 25 26 29 32
8 12 16 17 20 23 25 26 29
7
14 22 25 27 29 30 36
5 7 9 14 18 22 24
10 15 19 21 25 29 33
6 7 9 13 15 19 23
9 13 14 18 22 27 29
16 24 26 29 33 36 40
2 6 8 11 12 14 16
6 9 11 16 20 25 26
11 14 16 18 21 27 29
12 18 20 22 25 29 32
18 23 27 29 32 36 40
14 19 23 27 29 30 36
2 5 6 9 10 14 18
2
3 5
3 5
1 3
2
2 22
22 222
22 222
10
2 10 11 12 13 14 15 16 17 49
7 15 22 28 33 37 40 41 42 58
2 10 11 12 13 14 15 16 17 48
9 17 24 30 35 39 42 44 45 62
3 11 18 19 20 21 22 23 24 51
4 12 19 25 26 27 28 29 30 53
6 14 21 27 32 36 37 38 39 57
8 16 23 29 34 38 41 43 44 60
7 15 22 28 33 37 40 41 42 59
47 48 51 52 55 56 59 61 63 64
5 13 20 26 31 32 33 34 35 55
1 2 3 4 5 6 7 8 9 46
3 11 18 19 20 21 22 23 24 50
8 16 23 29 34 38 41 43 44 61
6 14 21 27 32 36 37 38 39 56
1 2 3 4 5 6 7 8 9 47
9 17 24 30 35 39 42 44 45 63
5 13 20 26 31 32 33 34 35 54
4 12 19 25 26 27 28 29 30 52
7
4 5 8 9 11 13 14
1 2 4 5 6 8 10
8 11 13 14 17 19 21
3 4 6 8 9 11 13
1 3 4 6 7 8 10
10 12 15 17 18 21 23
4 6 8 10 12 14 15
10 13 14 16 19 21 23
6 8 10 11 12 14 16
7 9 12 14 15 17 19
5 8 9 11 14 16 17
2 4 5 8 9 11 12
8 11 14 16 17 19 21
10
11 12 13 14 15 16 17 18 19 20
7 17 27 37 47 57 67 77 87 97
3 13 23 33 43 53 63 73 83 93
31 32 33 34 35 36 37 38 39 40
41 42 43 44 45 46 47 48 49 50
9 19 29 39 49 59 69 79 89 99
61 62 63 64 65 66 67 68 69 70
2 12 22 32 42 52 62 72 82 92
8 18 28 38 48 58 68 78 88 98
51 52 53 54 55 56 57 58 59 60
71 72 73 74 75 76 77 78 79 80
5 15 25 35 45 55 65 75 85 95
4 14 24 34 44 54 64 74 84 94
81 82 83 84 85 86 87 88 89 90
91 92 93 94 95 96 97 98 99 100
21 22 23 24 25 26 27 28 29 30
6 16 26 36 46 56 66 76 86 96
1 11 21 31 41 51 61 71 81 91
1 2 3 4 5 6 7 8 9 10
7
5 10 14 17 19 20 30
1 2 3 4 5 6 22
6 11 15 18 20 21 32
1 2 3 4 5 6 23
23 24 27 28 31 32 34
4 9 13 16 17 18 28
3 8 12 13 14 15 27
5 10 14 17 19 20 31
3 8 12 13 14 15 26
4 9 13 16 17 18 29
2 7 8 9 10 11 25
22 25 26 29 30 33 34
6 11 15 18 20 21 33
9
19 22 27 29 30 33 34 40 42
5 9 11 13 17 20 23 25 27
7 12 13 15 17 19 24 26 29
10 15 17 19 20 22 27 29 30
15 20 23 25 26 27 31 35 38
17 22 25 26 29 32 35 37 40
4 9 11 12 16 18 22 25 28
3 6 9 11 13 16 19 22 23
2 3 5 8 10 13 16 17 20
17 21 25 27 29 31 32 37 41
12 17 20 21 23 26 29 32 34
2 3 4 7 10 12 15 17 19
8 11 12 15 19 21 25 27 29
10 13 16 17 20 23 26 29 30
16 19 22 24 27 29 31 32 34
13 16 18 19 22 26 27 31 33
3 6 9 12 15 17 20 21 22
4
2 6 10 14
9 10 11 12
1 2 3 4
1 5 9 13
3 7 11 15
4 8 12 16
13 14 15 16
9
1 2 5 6 8 10 11 13 16
9 14 19 22 23 27 30 33 36
14 20 23 29 30 34 36 42 44
13 20 24 26 29 33 36 39 42
1 3 4 5 7 9 10 12 14
5 9 11 14 16 19 20 22 23
10 15 18 22 24 27 28 31 34
3 6 9 12 13 15 17 20 23
11 17 21 24 25 30 33 35 36
2 6 8 11 12 14 16 17 20
5 11 14 18 21 22 24 26 27
4 8 11 15 16 18 21 24 25
6 12 15 18 20 22 24 26 29
7 12 16 20 22 24 25 29 31
12 17 22 26 27 31 35 39 41
16 23 25 27 31 36 39 41 44
8 13 16 21 22 23 26 27 30
4
3 4 6 10
4 8 9 13
6 9 14 17
4 8 11 15
6 11 14 18
7 13 18 21
3 4 6 7
2
2 4
1 3
1 2
4
2 3 4 5
3 4 5 6
3 4 5 6
2 3 4 5
4 5 6 7
4 5 6 7
1 2 3 4
2
4 8
6 8
2 4
9
11 14 16 23 24 26 29 32 34
12 16 20 21 27 29 30 33 35
6 8 11 15 17 19 20 21 22
8 12 15 17 20 23 24 26 29
3 4 8 11 13 14 15 17 21
6 9 11 14 15 16 18 20 24
15 17 20 26 29 32 33 37 38
18 21 24 29 31 34 35 38 40
3 4 9 12 13 15 16 19 20
13 15 18 24 26 27 30 35 36
2 3 6 7 8 11 13 15 18
2 3 6 8 9 10 12 13 16
9 13 17 19 23 24 26 29 31
8 13 15 20 23 24 27 29 30
13 19 21 23 29 32 35 37 38
7 11 14 17 19 20 21 23 25
10 15 19 20 24 26 27 32 34
7
7 8 9 10 11 12 13
3 4 5 6 7 8 9
3 4 5 6 7 8 9
6 7 8 9 10 11 12
5 6 7 8 9 10 11
5 6 7 8 9 10 11
4 5 6 7 8 9 10
2 3 4 5 6 7 8
7 8 9 10 11 12 13
4 5 6 7 8 9 10
6 7 8 9 10 11 12
1 2 3 4 5 6 7
1 2 3 4 5 6 7
10
4 7 10 12 15 18 19 22 25 28
9 13 17 19 21 24 27 30 33 35
3 4 5 7 9 10 11 12 14 15
5 10 12 15 17 21 24 25 26 29
14 19 24 25 27 29 32 35 38 40
7 12 15 17 18 22 25 27 30 32
9 15 17 18 21 22 23 28 33 35
12 18 21 22 24 25 26 31 34 38
8 12 15 17 19 20 22 25 30 33
15 22 25 27 30 32 34 37 39 43
3 4 5 8 9 12 14 15 17 19
10 15 19 20 22 25 29 32 34 37
15 22 29 33 35 38 40 43 45 48
4 7 10 12 13 15 16 19 20 22
14 20 27 30 33 34 38 39 41 45
12 19 24 25 28 31 35 37 40 43
19 28 29 32 35 37 39 43 45 48
11 16 21 22 23 26 32 34 36 39
5 10 12 15 17 19 21 24 27 29
7
5 7 9 10 13 15 17
12 13 17 20 21 25 27
9 12 15 18 20 23 25
5 9 11 15 17 19 21
11 13 16 20 21 22 25
4 7 10 12 13 16 17
2 5 8 9 12 13 14
8 10 14 18 20 21 22
14 17 21 22 25 30 32
13 16 19 21 22 28 31
12 15 19 23 25 28 30
8 10 11 14 16 19 20
15 17 20 25 27 31 32
10
7 10 12 16 17 19 20 23 25 26
9 15 16 19 21 24 27 29 32 36
12 15 17 19 21 23 24 28 29 30
11 16 18 22 23 27 28 30 33 39
5 8 10 12 15 16 18 21 22 24
22 25 26 33 36 39 41 42 43 47
16 18 20 25 27 28 31 34 35 36
5 8 9 13 15 17 18 19 22 25
18 19 23 28 29 30 34 35 36 39
16 22 25 28 29 32 35 36 41 43
2 5 8 11 12 15 16 18 21 22
2 5 7 8 9 11 12 14 16 18
15 17 19 22 24 27 30 31 32 34
8 12 13 18 19 22 25 28 31 33
14 21 24 25 28 31 34 35 39 42
11 13 16 18 19 22 23 25 28 29
8 9 12 13 16 18 19 24 25 27
21 22 25 31 32 33 37 39 41 44
12 18 19 23 24 30 31 34 37 41
7
87 128 139 171 208 229 237
47 71 96 118 143 154 162
102 162 192 216 237 259 269
36 96 114 122 139 149 162
58 86 114 125 164 183 192
25 47 58 62 87 89 91
89 139 149 192 211 237 259
25 28 36 54 68 88 102
91 158 162 199 213 257 269
62 108 122 146 186 204 216
88 154 183 204 229 237 257
68 143 164 186 208 211 213
28 71 86 108 128 139 158
6
5 6 7 9 11 14
4 6 7 10 13 15
7 8 10 11 13 16
10 12 15 16 19 20
9 11 13 15 17 18
3 5 6 8 10 12
8 12 14 16 18 20
2 3 5 7 9 10
6 10 11 13 17 19
2 3 4 5 6 8
5 8 9 11 15 16
10
97 133 152 161 196 201 224 226 240 257
104 129 174 194 197 245 257 281 289 338
77 99 116 140 162 163 166 186 191 197
71 95 108 110 163 189 201 224 255 273
16 35 59 78 116 133 152 157 177 187
57 64 78 81 94 110 142 160 185 194
34 36 61 81 140 145 161 170 199 224
33 53 59 61 71 108 127 140 161 174
98 123 161 185 191 220 240 256 288 320
88 116 140 160 186 211 226 254 286 299
87 119 133 145 176 189 204 211 220 245
57 69 71 94 162 176 196 218 242 247
116 157 177 199 242 255 271 286 288 289
84 115 127 142 166 204 224 245 271 298
98 156 157 170 218 224 245 254 256 281
14 28 35 36 69 95 115 116 123 129
11 13 16 34 57 71 84 88 98 104
11 14 33 57 77 87 97 98 116 136
136 179 187 224 247 273 298 299 320 338
7
12 16 18 22 25 29 32
10 12 13 18 21 24 25
13 18 21 23 27 30 35
17 18 21 24 27 29 30
3 6 9 12 15 17 20
6 7 10 13 17 18 21
15 17 20 21 24 25 27
6 7 10 12 14 16 18
9 10 11 13 16 18 21
20 21 23 25 30 32 35
11 14 16 21 24 27 30
8 10 11 15 20 21 23
3 6 8 10 11 12 13
2
2 6
2 4
6 8
8
5 7 9 11 12 14 17 19
9 10 11 14 17 19 21 22
4 7 9 11 13 14 16 19
1 2 3 5 7 9 11 12
5 9 11 12 15 17 18 21
1 2 3 4 5 7 8 9
9 14 17 19 20 22 24 26
3 5 7 9 11 13 15 17
2 3 5 7 8 10 13 15
8 12 15 17 18 21 23 24
11 13 14 16 18 21 23 24
7 10 13 14 17 19 21 22
3 5 7 9 10 11 14 17
12 15 17 19 21 22 24 26
7 8 10 13 15 17 18 20
4
1 2 3 5
5 7 9 11
4 6 7 9
1 2 4 5
5 7 9 11
3 6 7 9
2 4 6 7
10
3 4 5 6 7 8 9 10 11 12
6 7 8 9 10 11 12 13 14 15
8 9 10 11 12 13 14 15 16 17
3 4 5 6 7 8 9 10 11 12
4 5 6 7 8 9 10 11 12 13
1 2 3 4 5 6 7 8 9 10
4 5 6 7 8 9 10 11 12 13
5 6 7 8 9 10 11 12 13 14
6 7 8 9 10 11 12 13 14 15
8 9 10 11 12 13 14 15 16 17
2 3 4 5 6 7 8 9 10 11
7 8 9 10 11 12 13 14 15 16
10 11 12 13 14 15 16 17 18 19
2 3 4 5 6 7 8 9 10 11
1 2 3 4 5 6 7 8 9 10
9 10 11 12 13 14 15 16 17 18
5 6 7 8 9 10 11 12 13 14
10 11 12 13 14 15 16 17 18 19
9 10 11 12 13 14 15 16 17 18
2
4 8
6 8
2 6
3
1 2 3
2 3 4
1 2 3
3 4 5
2 3 4
7
1 8 15 22 29 36 43
1 2 3 4 5 6 7
6 13 20 27 34 41 48
8 9 10 11 12 13 14
4 11 18 25 32 39 46
43 44 45 46 47 48 49
22 23 24 25 26 27 28
29 30 31 32 33 34 35
7 14 21 28 35 42 49
15 16 17 18 19 20 21
2 9 16 23 30 37 44
5 12 19 26 33 40 47
36 37 38 39 40 41 42
2
2 22
2 22
22 222
